      -21.763114      -95.401860       234.77172       7138.7549       240.28170
      -20.242713      -118.14749       124.03582       7162.0344       126.94688
      -18.722312      -115.81225       58.205539       7159.6443       59.571595
      -17.201911      -113.80930       64.594741       7157.5944       66.110749
      -15.681518      -108.12125       36.744108       7151.7728       37.606475
      -14.161117      -101.12755       21.886348       7144.6150       22.400010
      -12.640716      -94.050916       19.693731       7137.3723       20.155934
      -11.120315      -82.631725       18.389363       7125.6851       18.820952
      -9.5999136      -82.292352       14.050637       7125.3377       14.380399
      -8.0795126      -79.201440       13.668957       7122.1743       13.989761
      -6.5591116      -70.965371       13.182881       7113.7449       13.492277
      -5.0387106      -63.880006       14.451757       7106.4933       14.790932
      -3.5183172      -44.665059       16.481141       7086.8274       16.867946
      -1.9979162      -23.489714       13.956755       7065.1550       14.284314
     -0.47751520      -2.5931794       11.409052       7043.7681       11.676817
       1.0428858       5.7290965       10.998250       7035.2505       11.256374
       2.5632868       11.211443       9.9191619       7029.6395       10.151960
       4.0836802       14.641183       8.7983304       7026.1292       9.0048230
       5.6040812       27.290737       10.008488       7013.1828       10.243383
       7.1244822       50.882067       11.141724       6989.0378       11.403215
       8.6448832       68.339041       10.781153       6971.1711       11.034181
       10.165284       75.214344       11.137711       6964.1344       11.399108
       11.685685       76.796630       14.517013       6962.5150       14.857720
       13.206086       82.689279       10.246471       6956.4841       10.486950
       14.726487       85.065435       9.8946977       6954.0521       10.126921
       16.246888       87.316645       22.112094       6951.7481       22.631054
